18.55,-4.28
-70.83,73.01
-41.67,-36.32
76.29,-90.65
-74.23,78.64
54.14,-78.31
-49.28,-74.85
40.63,5.82
-53.59,18.80
-43.76,-37.20
-39.36,-38.35
39.57,8.03
-55.04,12.45
-42.48,-40.81
-49.64,14.88
-73.06,-90.37
-58.01,20.82
-44.43,-38.63
39.14,10.79
-75.74,-91.45
77.81,-89.28
17.44,-3.16
-72.76,74.40
20.88,-1.30
55.08,-76.09
57.02,-76.91
-73.67,-91.75
78.71,-43.60
-44.72,-33.85
44.13,4.76
78.48,-87.85
40.41,14.30
9.07,-90.01
-50.79,16.68
-72.52,-92.85
74.46,26.36
-42.88,-74.56
-75.27,-86.86
13.29,-1.87
20.64,-5.51
19.36,0.30
-68.54,75.99
-41.84,-77.06
71.48,27.58
-42.33,-38.56
48.90,-81.90
43.32,12.66
-51.75,15.01
81.49,-51.13
51.68,-78.94
76.84,-45.64
14.67,-93.22
-65.96,49.94
0.07,-91.88
74.17,24.44
22.48,-1.60
77.63,-41.49
-47.94,-76.19
79.12,-91.08
-44.88,-73.62
-77.51,79.61
-71.92,81.87
73.03,25.71
22.54,0.34
-74.17,80.82
-72.62,53.70
59.39,-76.53
45.83,8.26
52.88,-82.00
38.44,6.62
-73.20,77.25
18.97,-6.01
-74.74,74.95
55.49,-74.25
15.34,2.46
-72.40,-95.38
51.79,-72.65
-64.23,46.22
19.41,-2.06
15.75,-1.48
20.71,1.42
43.35,7.96
75.19,22.61
17.04,-5.32
-52.27,16.97
80.45,-88.85
75.11,-46.39
57.65,-75.48
-75.51,80.09
-75.94,-89.25
78.45,-93.43
-45.41,-71.23
42.65,10.30
36.13,7.45
74.89,-44.07
17.32,2.47
-70.29,49.19
74.73,-87.17
79.94,-49.41
10.48,-86.66
-50.57,13.37
-51.33,11.69
-40.27,-39.84
75.44,-93.83
80.56,-93.00
-47.16,-78.68
-51.67,18.76
-73.37,-86.64
-68.58,44.73
11.56,-1.14
5.18,-90.97
51.03,-77.08
50.80,-75.36
-48.66,-71.16
-70.93,83.64
45.14,9.63
-70.52,74.81
-40.51,-34.37
48.61,-79.33
81.02,-44.31
-51.61,9.89
-68.95,-91.87
52.87,-76.50
-36.73,-34.43
42.01,4.45
5.46,-87.39
-72.68,-88.68
7.55,-89.11
8.59,-93.67
-41.11,-41.93
82.11,-90.66
82.91,-87.87
-78.24,73.85
-45.62,-78.32
-39.80,-35.91
3.91,-88.03
-70.15,-87.74
17.85,0.52
37.40,13.71
10.57,-89.22
-71.89,48.39
77.67,-48.00
77.45,25.58
-76.34,-93.51
-70.77,-89.74
73.08,29.10
58.29,-80.74
55.84,-81.26
-72.44,50.89
56.93,-79.32
-48.63,11.98
-46.33,-36.77
82.02,-47.33
71.36,25.14
73.67,-89.32
5.83,-89.15
52.47,-80.48
69.56,27.73
5.85,-92.72
-67.48,49.24
73.59,-48.54
25.90,-2.81
13.84,-6.41
-46.87,-74.89
51.88,-83.68
-68.59,79.39
76.41,-87.58
70.34,-43.53
-73.45,49.27
-68.87,53.06
-67.92,-88.98
21.29,-8.09
73.36,-41.97
77.55,27.91
-66.25,45.21
48.29,9.06
74.72,28.02
42.35,6.74
6.34,-94.68
40.46,12.52
-48.49,15.98
74.68,-90.65
44.08,10.86
-64.52,52.30
-42.17,-34.16
-44.27,-40.79
-54.03,14.99
-71.00,76.30
22.76,-3.19
-66.59,47.59
17.68,-1.49
17.36,-7.24
-43.63,-68.96
-77.00,76.26
-42.46,-72.09
41.35,8.15
70.29,22.54
75.92,25.65
-48.80,18.31
50.96,-82.46
45.47,12.08
-69.89,-93.05
-71.69,79.06
60.81,-75.89
-74.41,73.18
-56.03,20.73
68.77,31.02
-73.21,83.83
47.58,5.28
-67.58,-90.71
73.67,-93.07
72.24,-92.12
22.71,2.45
37.88,2.44
43.44,14.98