-84.98,6.09
-72.83,-40.89
60.73,63.76
48.11,-70.02
36.25,-71.08
61.07,60.13
-58.83,-52.07
-58.45,28.83
-14.21,80.42
27.66,-23.20
-56.04,28.97
31.50,-18.37
-11.43,77.44
29.77,-72.34
-51.92,30.61
47.23,-67.85
-58.97,-47.70
-10.36,-2.24
-9.96,1.98
-51.31,-11.32
-53.86,26.88
-59.98,-49.94
-16.98,79.63
-56.21,-47.00
-9.58,-4.64
62.25,62.25
-82.24,-3.03
81.83,33.63
-52.08,-5.58
-52.83,29.10
30.14,-19.19
-7.78,-2.91
79.23,31.60
-14.49,77.58
-85.99,0.92
-57.89,26.00
-12.75,74.16
32.02,-72.41
-11.08,-6.68
-91.10,2.94
31.28,-71.00
51.65,-70.07
-10.76,72.12
83.77,32.97
-7.03,-4.68
-54.31,29.52
34.10,-74.18
-31.97,-82.72
-11.33,-3.45
-30.12,-80.96
-28.49,-76.87
-33.51,-76.68
-12.67,-0.51
52.24,-63.47
-54.57,31.94
63.26,65.81
-34.13,-79.25
53.58,-65.17
64.16,60.68
81.88,29.23
-56.31,31.13
33.16,-19.18
32.56,-21.25
-79.78,1.23
-36.84,-83.45
-30.65,-77.22
53.50,-66.83
-49.70,-4.27
30.34,-69.20
-5.19,-0.82
-16.40,77.11
-72.29,-43.09
-10.13,83.59
54.48,-62.19
-56.21,32.79
-59.12,30.30
-17.85,75.37
77.57,31.22
30.25,-74.53
-59.26,-54.78
80.15,29.52
-63.78,-50.47
-74.26,-42.42
-13.39,79.17
-5.98,2.03
-6.28,-6.22
-73.33,-48.18
-9.06,-0.74
-10.51,0.05
-76.07,-39.96
-82.92,5.03
-49.84,27.92
27.14,-76.15
55.83,-70.57
-82.15,1.22
-13.95,75.91
-89.46,1.23
77.63,28.27
-48.94,-6.88
50.33,-65.68
-53.38,33.45
-30.63,-79.28
-15.50,75.22
79.23,27.70
-29.91,-85.84
-12.79,-4.74
36.31,-16.31
79.61,36.58
-70.70,-40.40
-75.46,-43.36
-48.40,-8.61
52.63,-61.57
45.53,-67.79
-9.02,-6.25
78.29,37.65
-15.98,-3.81
79.98,33.99
29.60,-76.24
-52.45,25.30
-78.46,3.49
-2.91,-0.81
-80.99,-0.94
-55.98,25.47
-11.64,2.91
49.40,-64.33
-56.63,-48.97
-57.28,23.40
56.04,58.61
82.04,31.59
76.96,32.81
84.74,34.99
58.43,57.16
-14.93,79.06
-18.07,81.27
58.18,61.97
33.67,-71.27
-47.55,30.88
-51.57,27.23
-80.43,-41.48
-51.55,33.68
55.88,-66.01
-38.56,-84.47
-34.34,-81.50
-37.78,-78.26
-55.36,27.10
51.26,-67.64
27.44,-71.47
-50.56,-7.08
25.72,-74.14
-69.41,-46.33
83.63,29.14
58.39,59.97
29.75,-17.30
30.85,-16.25
-10.92,5.14
82.84,25.73
-68.71,-43.45
49.36,-62.69
-78.98,-4.75
47.61,-64.15
-53.74,23.94
-34.09,-84.81
-58.18,-49.92
60.34,57.92
30.42,-21.85
27.70,-21.29
26.47,-78.09
55.15,-68.33
-14.49,72.39
-80.37,4.68
-60.42,-52.41
-70.70,-37.33
-85.34,-3.63
77.51,35.08
30.42,-24.33
79.22,24.20
-62.27,-47.44
33.73,-15.66
26.56,-13.68
21.21,-70.82
-57.15,-51.37
-89.00,3.78
-15.92,72.84
35.15,-67.81
-75.90,-45.53
61.17,65.66
26.13,-19.97
-32.37,-79.00
30.13,-78.88
54.90,-58.61
-60.72,27.62
85.60,29.46
30.44,-27.98
36.69,-73.11
-6.77,-0.64
-46.87,-2.11
-53.92,-1.19
-83.17,-0.46
-74.46,-38.58
-4.51,-2.77
-69.38,-38.50
-20.58,75.03
-45.09,-7.03
-48.75,-2.49
55.63,-63.68
32.44,-76.74
57.50,64.23
76.10,29.89
84.28,30.53
-15.50,1.40
34.03,-17.82
46.19,-65.09
-29.47,-78.33
-51.30,-9.33
-46.84,-4.61