85.99,-0.30
80.43,-4.45
58.05,64.70
79.26,-2.55
77.45,40.08
-44.28,86.29
59.05,69.65
87.85,-17.46
59.44,66.80
-37.79,24.77
-37.72,18.99
-42.88,-77.34
83.84,-19.79
-84.61,3.19
-11.41,-82.55
-35.49,20.35
-38.05,22.03
-40.68,87.38
-7.77,-80.20
32.09,78.24
68.70,40.78
55.45,70.12
81.78,0.69
41.04,29.18
-27.47,99.08
40.05,27.54
-13.63,-80.35
-43.77,22.52
-30.27,99.71
-41.84,21.17
-40.65,-82.44
-29.62,21.02
-8.76,-76.41
42.68,28.07
-42.09,18.86
34.13,75.83
99.79,-61.54
-35.41,27.84
-49.25,86.74
33.58,77.41
83.77,-17.10
82.60,-24.16
102.59,-61.17
59.43,63.83
38.25,77.97
71.05,35.89
-44.61,-75.20
98.08,-61.31
-46.80,-76.62
-32.10,17.70
-87.80,-3.56
-35.04,97.43
81.80,-1.35
-9.07,-82.03
56.23,65.97
32.83,72.85
-41.87,-75.60
27.58,74.84
85.46,-2.55
82.27,-16.43
79.93,-17.02
-84.02,-1.25
82.07,-3.38
58.44,68.01
35.07,78.17
41.28,26.13
30.05,76.50
-32.44,100.28
93.21,-60.65
-47.64,-77.96
84.05,-0.57
96.95,-63.97
40.02,73.78
85.05,-13.45
82.34,-5.48
68.93,36.71
-45.91,86.52
100.11,-58.96
-13.04,-76.47
61.55,62.71
41.10,31.40
-40.16,20.51
75.06,39.89
-86.90,-4.91
85.80,-19.52
37.83,75.79
61.90,68.80
-42.38,87.75
-9.66,-78.79
83.12,-13.26
86.04,-15.34
-44.40,-77.44
-38.87,23.65
61.80,66.85
-40.62,85.76
-35.58,24.70
37.65,73.26
-82.52,1.69
-87.35,2.50
87.85,-20.99
-40.11,-79.05
34.55,73.65
-33.16,20.01
-89.75,1.35
79.53,-18.77
73.08,36.75
-43.32,-79.39
37.78,30.16
55.45,62.25
-88.27,-1.37
30.86,73.72
-39.59,84.08
95.13,-62.71
79.36,-0.54
-11.11,-79.74
-11.58,-75.99
95.87,-58.89
81.40,-18.10
73.43,40.15
58.34,61.94
44.77,25.27
80.35,1.21
38.86,26.58
83.61,0.98
83.77,2.52
71.98,41.94
73.95,38.43
83.74,-15.26
85.53,-22.74
86.44,-17.99
-27.46,95.94
47.11,31.66
29.38,73.03
-42.19,-70.44
89.33,-21.87
-42.17,-81.18
40.16,24.17
82.94,-18.47
33.76,82.77
-47.53,-75.21
-29.90,97.84
63.93,65.02
-45.60,-78.35
81.21,3.27
45.12,30.11
-27.04,97.38
67.84,35.33
56.65,63.59
71.80,37.61
69.48,34.95
31.75,75.58
95.56,-64.77
-47.73,-80.31
-25.15,92.71
35.33,71.75
-38.25,-81.07
69.76,30.22
37.05,80.58
-6.17,-82.33
-42.63,85.79
-85.90,0.16
97.30,-58.18
64.22,37.13
104.50,-61.00
-49.75,90.67
-81.13,0.72
63.49,63.41
92.79,-58.71
81.56,-19.95
85.26,-5.27
88.07,-2.97
-39.62,80.85
95.47,-61.12
-85.71,-3.04
35.85,75.74
42.44,22.81
-9.68,-83.75
-50.65,-75.74
-90.34,-3.37
32.98,74.71
71.61,32.60
84.01,-6.59
36.62,78.82
44.84,27.84
75.88,-6.85
31.10,70.70
97.91,-66.07
34.16,81.14
60.24,65.25
55.10,71.83
37.29,25.42
53.83,63.95
42.83,30.19
77.61,-18.69
82.01,-21.47
-13.30,-87.27
39.17,32.57
-41.16,22.60
-28.61,100.67
-84.40,-4.99
56.94,70.68
-84.39,-8.12
-46.27,84.86
49.77,32.13
91.52,-61.11
-13.95,-83.27
-7.21,-83.57
91.96,-20.94
66.04,66.57
29.99,80.86
-83.48,-3.18
-84.14,0.87
95.13,-57.22
-48.99,-75.64
-50.47,-81.29