32.53,67.62
-70.11,-37.49
-80.63,76.17
31.37,-39.80
-70.95,3.45
-70.86,-41.72
-84.93,73.15
-5.87,91.07
94.74,-29.49
-54.84,0.94
-68.83,3.96
63.43,88.10
-27.69,82.16
-48.83,0.53
44.92,43.72
-69.80,5.86
33.04,69.38
-81.99,80.04
-29.68,81.93
-29.81,79.33
-80.08,74.16
-32.75,83.06
29.40,-37.63
27.35,-36.81
-9.18,88.52
67.28,85.40
-7.34,88.38
32.79,64.65
-67.14,-44.49
-76.49,7.53
90.40,-32.68
68.61,89.39
30.85,-36.89
-70.08,-45.79
-0.92,93.19
-72.85,5.01
93.27,-34.63
-85.27,35.08
32.95,-39.09
30.62,68.93
-3.20,95.79
65.65,84.58
52.10,47.40
49.46,43.87
32.07,-35.79
-85.13,29.05
45.48,46.67
-75.14,-93.69
47.89,48.05
48.85,50.19
28.54,66.47
-26.41,80.16
29.11,-39.83
-28.40,80.73
32.68,-41.75
-53.33,0.50
27.28,-34.83
-50.53,-4.91
-64.94,-44.43
43.72,44.70
29.88,-35.57
-75.65,4.95
66.99,86.88
-83.65,70.56
34.74,70.30
-73.16,3.29
44.83,49.04
-87.65,35.30
-9.32,96.49
-83.22,34.05
35.77,62.14
-75.99,75.21
-70.98,0.59
34.21,-41.55
-25.89,84.76
31.23,66.07
34.70,-39.23
-68.06,-42.15
46.11,52.14
-73.31,6.77
33.48,71.36
67.54,91.42
-77.23,9.34
-30.22,76.58
-52.31,-3.42
91.09,-30.80
-89.63,32.41
-72.87,-43.75
-84.76,30.92
-67.76,-45.98
-74.85,7.49
-69.23,-43.73
-74.97,-95.80
-67.54,-37.96
-83.55,77.13
-83.60,75.59
-31.69,78.83
-1.78,90.04
-31.84,76.35
-71.39,7.31
-52.35,-1.80
87.02,-31.08
89.21,-26.56
-66.97,1.82
-25.87,82.28
-30.58,83.53
-31.85,85.43
-3.74,90.96
41.57,46.83
90.57,-35.14
29.01,-32.01
-6.03,92.85
63.75,86.42
-54.54,3.01
36.74,-38.38
-51.45,0.26
-72.96,-41.53
-86.72,73.98
-27.23,76.31
31.03,-33.49
-89.98,35.23
37.69,66.20
65.99,89.87
-68.33,2.53
-34.62,81.52
34.17,-36.78
-74.65,1.78
-71.45,-39.22
89.47,-28.86
34.99,65.63
87.32,-32.85
-66.80,-40.04
29.88,63.47
-4.31,87.00
-49.92,-3.36
89.25,-30.96
-62.34,-43.64
-24.63,74.93
34.09,66.91
33.82,63.33
-8.64,86.88
92.42,-31.77
-47.18,0.24
-87.87,32.67
-50.24,3.58
31.10,-41.52
26.55,65.13
-75.24,-91.44
-55.97,-0.89
-72.55,-94.28
69.39,85.37
-78.66,75.04
-53.64,-1.02
-30.75,80.53
-24.39,80.74
-80.41,71.52
-64.35,-42.28
-72.02,8.83
34.55,-35.29
-82.46,73.05
-1.96,88.35
-25.75,77.58
97.51,-32.32
65.78,87.87
43.10,50.37
-81.15,37.33
-3.06,92.94
-87.14,38.64
-76.44,78.88
-73.30,-39.92
-67.20,5.03
23.24,-34.27
-73.20,0.53
-77.05,-95.21
64.14,90.65
-4.38,93.92
67.34,81.93
-71.25,-43.85
-85.79,68.60
-1.14,86.56
-34.62,78.04
-67.48,8.22
25.78,-39.71
47.02,45.76
-71.75,-46.00
35.01,72.19
-66.30,-41.46
-2.85,86.58
-69.93,-93.87
93.08,-36.69
-78.02,72.59
44.43,52.51
-27.98,78.65
84.69,-37.24
31.83,62.82
-77.91,-97.66
48.64,46.72
-29.75,84.92
-78.86,-96.28
88.65,-34.41
-85.97,32.54
-47.22,-2.77
68.55,83.27
-70.90,10.60
-48.48,-5.69
-69.48,-40.88
67.21,88.48
49.44,41.32
-26.38,74.12
47.97,44.30
-81.08,32.45
62.38,83.59
35.51,68.45
28.96,-34.23
-88.24,73.35