68.66,60.60
-2.39,-61.88
35.42,5.46
94.53,-57.33
-30.86,-81.73
35.84,96.01
50.10,-21.25
70.25,61.19
40.27,4.99
-79.13,31.82
-76.96,35.60
35.41,3.53
90.38,-57.37
40.76,95.14
0.58,-55.83
31.51,92.18
34.23,97.10
-81.46,-35.77
50.36,-25.25
3.96,-59.41
55.09,-40.57
-34.48,-82.14
30.49,90.52
-55.01,11.32
-51.93,16.01
-31.49,-83.46
35.63,87.99
-83.04,-34.86
43.07,-62.82
52.06,-20.15
43.67,1.21
40.57,-65.07
-86.43,-34.80
36.44,7.99
-1.00,-59.77
-30.78,-77.90
-28.71,-82.73
38.78,-59.41
-31.45,-79.74
41.52,6.67
-29.08,-77.89
90.50,-23.12
-53.09,11.99
34.78,91.63
90.71,-28.89
72.88,59.88
33.24,93.65
39.63,-66.97
28.80,89.24
-49.87,16.00
39.71,6.51
-76.13,34.30
-85.94,-39.47
60.55,-37.56
35.75,92.84
73.43,61.42
37.90,7.64
36.44,-64.22
50.74,-18.66
38.23,5.43
3.61,-57.19
55.54,-42.48
91.65,-61.48
67.45,62.21
-53.91,13.67
-25.37,-86.59
92.10,-58.97
-84.77,-38.47
54.89,-37.47
-0.91,-64.48
32.79,96.22
93.97,-53.34
48.55,-20.37
39.73,-62.27
-50.69,19.11
57.40,-40.26
-32.32,-81.25
-77.57,30.82
50.59,-17.13
93.15,-61.85
-27.37,-79.88
97.90,-56.65
-31.14,-76.27
92.12,-57.45
42.58,2.75
91.19,-54.13
1.94,-61.03
48.01,-18.22
75.44,62.95
-53.83,15.90
-2.88,-65.40
-33.57,-79.60
40.17,8.25
37.73,-61.26
51.83,-16.10
87.95,-27.53
-76.95,32.83
-34.65,-88.09
71.32,63.15
47.22,-14.70
-4.32,-60.70
-43.98,17.72
95.66,-58.99
33.12,-59.41
-80.70,33.86
40.10,2.65
77.03,64.87
0.98,-59.34
-52.13,8.13
55.42,-16.95
0.06,-62.99
60.37,-40.72
33.85,-61.12
-50.98,10.43
72.22,64.58
49.84,-15.62
55.97,-38.72
4.21,-63.02
45.84,-22.28
-49.31,11.11
1.25,-65.25
-48.68,20.12
45.82,-17.51
89.36,-59.00
60.10,-44.32
42.32,-60.05
41.11,9.84
-83.11,-38.09
-81.33,38.39
58.94,-39.98
95.21,-61.30
93.14,-54.86
52.28,-38.33
37.89,-63.81
35.70,-66.55
37.52,2.01
-1.73,-57.78
-73.37,29.80
-85.23,-35.76
-46.78,15.58
-3.21,-59.32
2.81,-65.38
2.93,-54.83
91.44,-55.87
97.84,-58.67
52.36,-14.70
31.84,94.38
39.41,96.50
53.07,-17.81
40.55,-60.63
-1.91,-67.99
-29.97,-85.42
44.60,-20.87
58.02,-35.22
-32.93,-84.85
28.33,90.88
53.92,-22.48
5.63,-57.36
-77.99,34.30
52.73,-42.52
47.06,-16.34
96.95,-63.34
34.44,95.31
88.03,-57.67
88.96,-31.30
74.87,64.43
-4.42,-66.37
-74.72,27.48
-47.98,13.56
91.96,-27.34
-84.71,-31.07
70.96,57.87
32.99,100.71
48.16,-22.20
42.03,-67.06
-73.90,33.32
53.81,-35.82
94.69,-54.94
67.19,64.12
44.34,-15.94
90.18,-32.51
89.87,-60.70
89.40,-26.46
53.37,-40.81
74.44,59.22
30.27,93.96
36.68,89.66
-81.62,31.33
44.65,-13.70
-88.09,-34.55
47.64,-23.66
-79.43,29.55
71.87,61.54
96.44,-54.60
32.72,88.51
69.49,63.12
36.45,-62.54
4.37,-65.71
87.58,-22.83
-28.46,-88.45
-79.55,-35.45
36.39,-58.81
44.73,-62.49
34.42,-62.51
38.67,94.59
56.05,-35.55
-44.50,10.11
49.62,-39.30
94.46,-20.71
30.93,95.61
45.56,3.66
93.73,-24.01
-82.45,-31.39
-0.35,-61.39
75.09,60.97