66.17,-25.91
47.02,27.52
75.74,-63.22
24.69,52.53
-15.84,71.46
67.03,-34.55
-12.95,-9.35
-18.83,-13.26
-9.17,-12.49
-48.85,76.45
70.17,-28.43
-50.76,78.43
-7.31,-14.71
87.33,26.71
28.88,-26.71
-11.03,-13.80
75.22,-67.03
-48.88,72.65
-42.49,79.95
-11.23,-16.58
-47.08,77.51
-32.68,-2.26
32.90,-29.74
24.17,47.45
49.81,21.58
-47.01,75.25
30.63,-32.92
84.79,20.02
83.23,21.70
-44.22,77.61
-84.67,-93.97
-18.16,-15.17
-50.67,74.46
45.55,29.45
72.76,-35.67
71.85,-31.39
-10.18,-7.42
73.21,-70.61
70.06,-36.36
-44.63,74.18
51.81,28.31
82.99,16.37
46.56,24.67
53.93,31.33
89.60,18.84
69.23,-32.75
-15.02,-6.28
-49.11,80.64
48.88,26.93
86.92,24.14
66.63,-31.62
-40.62,-6.77
48.04,30.38
-56.57,78.59
30.35,51.16
-83.12,-90.78
32.53,-27.45
48.44,22.72
-17.11,77.32
-19.25,65.91
87.42,18.46
-10.90,-11.03
85.20,25.50
51.51,22.31
-40.63,-1.39
-86.20,-92.43
28.08,46.60
50.92,29.79
74.43,-29.85
71.85,-58.49
90.37,20.32
30.94,53.28
-42.57,76.09
-79.95,-88.13
81.57,-58.12
59.85,-26.56
-35.05,4.34
76.58,-66.12
85.39,22.98
-34.65,-4.75
-86.09,-88.77
-51.94,80.19
23.70,49.81
70.65,-66.09
52.40,26.46
84.99,18.21
60.06,27.25
50.03,24.20
-36.49,-8.81
-45.24,82.16
26.76,-31.06
-5.34,-4.70
42.14,26.90
-8.75,-20.14
83.16,24.04
23.73,-29.53
44.68,26.58
24.67,57.94
-36.30,0.27
-15.34,78.18
-17.04,72.82
-11.77,73.70
87.43,21.99
72.42,-62.13
88.56,25.54
71.33,-29.80
25.21,39.54
-11.89,71.93
84.59,28.10
-86.67,-86.25
69.07,-30.09
81.91,17.91
-32.16,0.46
-47.61,79.78
-41.48,73.75
22.24,-23.12
-16.36,-10.21
-7.84,-18.00
31.28,-24.49
-4.34,-12.20
71.28,-68.13
52.85,23.19
87.24,20.22
69.56,-63.37
91.26,22.02
-14.57,-14.93
-37.24,80.26
-36.42,-4.89
30.92,-28.78
-80.79,-89.95
-78.73,-85.97
74.68,-61.90
-45.36,85.92
-27.93,1.32
-29.94,-0.81
27.49,40.07
27.85,52.58
-44.38,79.65
72.99,-60.52
-17.00,69.54
20.62,53.40
-19.68,-10.13
-10.47,65.96
67.81,-60.93
-81.38,-81.57
25.15,-25.16
73.48,-27.87
-51.27,83.31
-53.59,80.53
78.64,-58.35
81.59,-61.86
66.92,-36.52
-53.33,74.27
-40.34,76.24
22.98,-26.54
-16.40,74.59
25.61,-26.73
54.64,29.65
-19.80,68.42
66.17,-29.79
-12.46,69.65
51.59,31.82
79.05,-60.30
-13.00,64.69
-85.25,-87.29
-15.37,69.46
45.54,22.29
-89.39,-89.75
-34.04,-0.92
27.25,-22.80
75.00,-64.75
-40.85,0.21
-84.66,-96.82
93.00,20.84
-12.99,-14.14
-44.87,75.95
-86.16,-95.77
22.37,-28.30
68.98,-38.09
97.24,18.42
19.67,50.81
-83.41,-92.65
65.95,-62.65
-52.28,76.07
-21.75,70.95
58.34,-31.29
-42.75,0.36
65.14,-38.90
31.71,38.32
-45.64,72.68
89.54,27.00
56.77,26.55
-39.68,80.33
95.33,27.72
-17.74,71.11
-14.38,-16.77
54.51,27.75
94.34,23.88
69.47,-40.46
28.78,-28.44
-36.70,4.03
-43.54,83.72
-14.33,66.47
72.46,-64.67
92.17,18.72
35.31,-27.97
75.53,-70.36
31.09,45.97
-38.09,-4.32
-43.48,81.59
51.48,34.11
23.35,45.99
-89.59,-82.84
-19.77,77.74
20.80,43.13
80.63,21.09
-47.05,81.39
64.35,-33.54
-14.92,-12.37
48.59,25.03
47.40,32.55
-81.85,-86.08
49.62,31.24
-23.29,69.60
-33.38,3.41
52.21,20.29
85.28,15.59
27.89,44.93
-89.64,-87.27
90.50,25.35
29.61,-29.88
-48.97,84.88
-9.93,72.08
-18.76,-8.76
-47.25,71.85
93.40,25.96
-52.54,78.44
-8.27,75.36
23.29,44.07
-48.29,83.00
-41.60,77.64
86.27,17.08
48.28,28.64
73.01,-24.08
-87.90,-94.01
-8.84,-15.67
-10.77,-9.38
-12.10,-7.89
-13.91,75.38
-39.63,73.85
75.03,-26.85
92.24,23.41
32.52,-18.67
52.80,30.13