34.04,88.48
-61.75,89.46
96.81,32.23
-57.13,91.04
-61.80,92.66
58.55,87.21
-55.60,95.11
93.65,-45.99
-6.63,62.99
93.13,-47.53
60.16,82.82
-41.30,-51.98
86.14,80.83
36.15,94.02
58.60,83.63
-8.20,-82.36
92.05,-46.25
95.44,33.31
44.50,30.01
92.92,33.58
9.64,-95.72
86.54,78.08
95.46,-46.54
-9.05,63.35
89.23,76.87
89.47,35.48
48.18,-58.02
90.03,79.36
-39.05,-51.94
91.47,80.51
39.42,91.54
-35.96,-48.94
88.60,79.99
-5.58,65.01
72.92,10.64
-57.52,95.97
51.88,27.53
37.58,87.27
43.30,24.24
-3.49,61.79
-4.83,63.53
-4.80,66.38
71.25,9.34
84.76,75.47
37.92,94.18
-1.62,61.93
46.54,31.36
14.39,-97.62
89.73,82.36
46.45,28.38
55.16,82.59
-2.68,66.09
-60.48,97.14
91.71,-51.69
-42.81,-48.49
89.10,-47.17
75.19,17.62
-8.60,-84.99
-10.19,-85.51
-5.30,60.78
-5.58,68.86
48.40,-63.52
93.16,-40.81
70.30,15.37
93.83,-52.02
70.28,7.09
-62.03,96.09
77.12,12.33
46.14,26.59
40.13,26.09
-4.13,-84.57
0.37,61.80
15.50,-94.57
-39.70,-50.24
-64.23,92.46
98.38,35.20
52.66,85.47
-36.81,-52.15
-35.69,-50.82
55.19,-65.58
4.77,-93.44
-0.45,63.59
46.68,24.47
-6.62,-86.43
4.27,61.64
-8.55,-87.21
-6.36,-83.79
-59.68,90.39
-1.66,-88.95
58.72,77.83
-32.78,-57.83
50.07,-60.15
13.55,-91.85
99.29,29.96
-64.59,95.79
-2.40,63.80
53.41,-59.78
98.25,-46.76
-12.22,-84.53
57.50,81.77
46.03,-63.55
96.05,28.40
-3.88,64.84
-57.55,94.35
89.51,32.74
56.23,83.83
0.03,67.70
91.34,77.18
82.90,79.41
36.16,91.26
69.95,11.69
57.29,79.72
52.52,80.95
51.15,-62.34
0.24,59.03
83.66,82.03
72.78,13.52
54.88,84.66
74.22,15.29
94.03,31.00
55.46,87.46
-1.18,64.91
92.37,26.25
92.47,30.57
74.83,10.33
-2.14,59.04
-54.93,93.41
92.14,-49.12
67.67,14.21
-65.99,91.01
50.26,29.47
-3.50,-86.59
-6.04,-82.23
-10.32,-79.24
-35.35,-54.73
-34.68,-52.31
40.26,27.94
8.20,-98.33
11.40,-95.04
44.27,33.23
97.42,30.09
1.63,68.30
38.25,92.68
-5.71,-80.66
1.16,63.79
55.18,79.51
85.67,82.27
89.35,84.00
75.46,8.64
-45.16,-53.46
73.13,7.90
-11.17,-83.32
-40.61,-55.09
-37.21,-50.42
55.85,85.94
41.88,29.84
37.35,89.14
-1.31,-82.87
-66.85,93.11
40.47,24.21
10.17,-92.21
92.34,-44.67
-56.34,89.68
50.08,26.38
93.14,28.68
-53.03,91.50
-59.03,93.66
-59.85,88.61
88.29,-43.16
44.46,27.68
10.92,-89.71
53.36,82.95
12.81,-90.10
-1.94,-87.04
70.97,13.93
90.10,29.71
47.27,-61.39
-2.22,67.84
-60.29,92.78
-39.71,-56.60
-37.74,-57.12
92.41,35.07
65.58,10.71
-41.66,-50.09
-43.15,-50.68
-39.14,-54.73
87.47,75.23
85.06,78.51
87.17,84.25
-0.66,66.34
-35.49,-46.69
48.05,31.49
97.04,-49.88
88.68,78.43
38.34,31.56
55.23,-63.44
50.54,82.05
1.07,65.76
67.21,10.41
8.13,-94.23
-3.98,-80.25
-36.59,-53.84
-8.88,-80.87
-39.57,-48.48
41.13,93.88
99.06,31.87
41.24,32.14
4.67,-88.78
85.91,74.20
-34.24,-59.66
63.64,11.23
-64.15,87.79
-41.70,-57.83
-3.87,-81.91
90.23,-43.27