91.91,-54.21
38.88,22.61
-57.84,-39.98
-50.90,-85.69
-54.19,-81.22
56.39,-32.97
-63.16,40.10
-85.42,-94.35
-86.95,-96.70
59.44,-33.87
55.26,77.78
8.39,-56.18
101.64,85.67
95.44,81.91
58.43,-30.15
54.71,74.73
-66.31,97.11
53.34,-32.85
-63.90,92.90
77.03,41.50
-50.35,-81.10
76.69,38.99
-48.61,-81.61
85.22,-52.38
-62.12,-42.08
-60.93,87.93
-68.36,91.93
43.24,25.83
17.90,47.75
37.97,21.29
99.18,81.45
-65.79,36.49
-64.51,89.73
74.97,41.31
-87.12,-92.74
15.09,44.99
-49.71,-78.57
57.96,-32.10
101.92,87.29
83.65,-57.23
89.12,-56.36
-62.83,90.10
-61.84,35.54
54.78,-27.90
87.39,-59.32
5.52,-56.14
-52.00,-76.83
87.39,-54.69
56.42,-35.48
-80.74,-96.78
52.64,-31.05
59.53,-38.87
40.76,29.22
36.53,24.54
-80.73,-94.24
13.31,47.34
-70.50,37.20
15.56,49.83
84.14,-54.74
51.60,73.95
11.90,46.03
60.15,72.67
-82.95,-96.01
-51.16,-78.17
-62.93,36.68
52.25,-28.08
-66.45,93.16
-88.38,-94.40
61.11,80.07
11.92,48.46
6.78,-57.55
53.07,75.77
60.94,-33.57
-55.52,-82.74
-53.78,-83.06
11.51,42.74
-66.56,90.64
-50.53,-83.48
-82.17,-91.39
-60.63,-42.62
57.53,79.93
81.83,-57.54
-63.35,95.64
-44.54,-82.89
-64.50,35.07
37.02,26.25
72.31,37.94
-64.54,88.16
58.04,-37.08
57.15,-28.16
12.07,50.84
56.12,75.88
16.88,46.07
38.64,24.29
17.33,51.88
-47.10,-82.54
86.84,-57.34
-59.56,-38.11
16.07,53.94
101.94,80.69
-63.96,33.01
9.79,-59.51
54.59,-33.78
57.07,72.62
-56.91,-44.66
-61.50,91.74
-48.28,-75.65
77.19,45.59
71.50,44.83
55.13,-31.24
-62.95,-43.39
34.06,20.15
62.96,80.77
100.91,83.53
56.29,-30.00
70.86,40.13
-80.27,-89.92
14.34,-62.39
72.78,41.22
-58.28,90.18
-52.16,-81.18
74.79,36.67
-60.78,-44.13
13.74,49.62
99.41,84.68
-68.08,37.96
88.29,-50.87
-56.64,90.19
57.75,76.38
89.86,-51.71
52.13,77.47
54.84,85.66
-84.03,-97.95
-66.28,-44.29
-88.73,-87.86
-54.38,-75.47
-82.84,-94.28
95.65,83.83
10.59,49.19
-54.78,-84.65
90.71,-57.06
-51.69,-79.68
92.37,83.30
12.37,-54.94
18.65,50.27
34.64,26.56
55.70,71.92
53.85,-29.44
98.15,90.41
50.55,-31.89
-59.08,-44.87
59.81,-30.95
-89.92,-95.41
55.88,-26.27
35.01,24.46
-64.74,38.90
74.33,39.31
-61.38,95.07
10.46,-55.00
-54.96,-79.79
58.22,78.02
-62.96,-45.60
-62.49,38.49
-68.88,34.98
15.19,47.13
-59.64,91.43
72.14,42.60
17.04,49.24
84.06,-48.45
78.97,40.57
-85.99,-91.10
-58.47,35.45
75.25,43.74
73.43,44.93
-84.48,-95.58
62.04,-29.76
57.23,74.30
97.27,88.70
-52.26,-83.62
-63.34,-39.37
-80.63,-98.69
36.35,22.46
59.94,77.58
61.13,-32.07
-57.83,39.20
52.98,-39.27
-53.20,-78.98
10.72,47.04
-82.69,-89.11
7.98,-53.88
18.53,44.40
59.36,74.73
49.99,77.21
-87.10,-98.32
36.56,28.45
90.01,-54.65
92.38,87.72
37.99,18.55
-84.56,-99.48
-57.93,-43.16
78.03,43.25
61.62,74.47
-46.26,-78.83
82.38,-54.40
96.98,86.02
-60.44,-40.84
5.12,-53.25
86.00,-53.98
-60.57,38.86
41.44,25.22
13.54,-59.10
10.35,44.49
-68.65,93.65
87.39,-52.11
-66.04,39.94