60.71,4.42
-79.41,37.42
32.15,-37.22
34.56,-73.25
-79.41,40.94
63.93,7.59
55.68,82.77
52.38,80.08
11.93,-75.56
-35.65,-89.39
-79.25,42.72
50.01,83.90
74.09,-87.19
72.71,-78.40
26.37,-67.45
-83.76,38.42
33.12,-66.47
74.53,-85.69
30.47,-72.43
59.85,9.93
-31.15,-43.45
-27.52,-38.69
-29.83,-42.00
66.93,8.22
73.47,-83.40
16.79,89.86
76.25,-81.87
61.84,6.26
-35.40,-87.19
66.62,12.37
-80.46,36.25
35.34,-36.01
13.97,90.69
-75.08,40.49
74.85,-79.81
76.54,-80.00
45.82,79.03
-33.25,-93.37
78.39,-81.88
33.19,-33.22
-31.71,-90.36
5.38,-73.49
-35.46,-91.66
-29.52,-39.00
-74.38,36.02
78.69,-85.99
27.87,-41.94
-27.87,-92.36
56.49,80.69
64.00,9.24
7.49,-69.12
49.49,82.49
30.90,-35.76
54.76,85.92
62.85,13.34
57.88,14.42
-81.32,39.48
61.89,15.95
10.22,-71.38
70.60,-84.28
-36.37,-93.32
78.92,-80.13
75.91,-89.31
33.37,-69.17
34.98,-40.40
-40.11,-92.72
-79.24,39.19
8.26,-77.09
66.66,10.29
39.97,-34.72
16.48,94.55
-39.73,-95.30
52.59,81.64
7.98,-79.42
22.75,91.32
50.75,78.21
-28.48,-40.46
-79.86,34.34
14.55,92.68
-24.70,-38.26
-81.57,43.48
69.21,11.45
75.55,-77.87
35.16,-70.59
12.09,87.97
15.35,88.94
6.84,-75.79
17.71,85.01
-31.38,-91.90
70.94,-82.43
77.85,-79.01
36.90,-39.75
31.27,-69.10
-38.96,-87.04
12.38,85.71
38.09,-37.12
48.51,76.51
10.09,92.42
12.97,-73.35
10.16,-66.47
-78.57,35.68
61.25,2.98
-81.58,41.39
76.68,-84.55
38.04,-32.77
32.30,-74.54
33.55,-37.94
26.72,-38.64
30.16,-37.82
-31.76,-38.86
-27.16,-45.89
11.04,-73.36
-24.97,-41.09
37.49,-42.18
48.10,78.99
73.46,-81.55
30.14,-70.10
-32.41,-96.77
35.06,-37.81
-37.01,-90.23
58.78,80.69
27.43,-75.54
11.58,89.83
78.35,-87.55
-33.85,-100.76
75.12,-83.57
35.24,-68.66
18.28,91.84
37.45,-66.25
28.50,-67.86
64.59,13.85
54.55,83.80
3.79,-74.96
55.11,75.41
22.00,86.62
-21.91,-35.80
30.01,-66.79
77.86,-75.05
31.09,-65.03
27.85,-73.15
68.42,17.40
13.59,88.58
6.26,-77.46
55.06,79.45
49.83,86.17
-33.54,-40.57
31.74,-71.21
34.16,-34.66
53.05,78.62
-29.29,-34.58
18.00,87.42
33.56,-36.22
35.06,-76.13
5.75,-66.92
36.76,-68.44
8.19,-71.04
40.16,-40.87
31.62,-78.77
9.62,88.79
36.62,-73.00
57.41,78.67
-82.72,35.69
-38.53,-90.70
0.72,-71.10
32.38,-39.12
-24.33,-45.11
-34.75,-39.58
79.83,-82.55
13.84,-71.10
9.00,90.64
70.12,2.96
31.52,-67.57
4.42,-64.13
-83.95,41.61
13.85,84.49
80.19,-76.62
71.22,12.55
63.96,17.09
33.55,-30.41
-37.30,-86.52
67.80,14.61
20.27,89.14
-75.57,38.28
-85.28,39.17
65.06,11.15
63.07,10.47
28.62,-32.80
7.44,-73.19
-24.64,-36.72
-31.69,-88.00
-77.24,37.23
20.61,94.00
27.95,-36.08
82.53,-78.99
36.35,-41.18
81.70,-87.41
14.60,94.65
5.72,-79.18
17.23,93.11
58.96,4.96
26.01,-36.69
-26.39,-40.06
-80.51,32.28
-26.44,-34.24
-28.68,-91.04
61.21,8.74
-34.03,-89.91
-76.86,34.05
38.01,-34.35
28.71,-38.32
31.75,-40.90
66.36,15.12
72.86,-86.18
32.33,-34.70
-83.15,33.87
52.20,85.66
-74.14,31.37
22.89,92.97
71.00,-78.54
57.70,82.25
-36.35,-96.20
35.40,-33.68
78.49,-77.47
-39.13,-93.91
-73.28,40.16
7.32,-63.75
27.87,-71.45
29.67,-75.01
12.51,91.40
79.88,-84.43
52.67,76.06